Please enter a string of no more than 255 characters, including spaces.
Hit Enter to quit.
> ASCII codes:
84 104 101 32 83 110 111 119 32 77 97 110 10 0 
01010100 01101000 01100101 00100000 01010011 01101110 01101111 01110111 00100000 01001101 01100001 01101110 00001010 00000000 
> ASCII codes:
45 45 32 87 97 108 108 97 99 101 32 83 116 101 118 101 110 115 10 0 
00101101 00101101 00100000 01010111 01100001 01101100 01101100 01100001 01100011 01100101 00100000 01010011 01110100 01100101 01110110 01100101 01101110 01110011 00001010 00000000 
> ASCII codes:
45 45 10 0 
00101101 00101101 00001010 00000000 
> ASCII codes:
79 110 101 32 109 117 115 116 32 104 97 118 101 32 97 32 109 105 110 100 32 111 102 32 119 105 110 116 101 114 10 0 
01001111 01101110 01100101 00100000 01101101 01110101 01110011 01110100 00100000 01101000 01100001 01110110 01100101 00100000 01100001 00100000 01101101 01101001 01101110 01100100 00100000 01101111 01100110 00100000 01110111 01101001 01101110 01110100 01100101 01110010 00001010 00000000 
> ASCII codes:
84 111 32 114 101 103 97 114 100 32 116 104 101 32 102 114 111 115 116 32 97 110 100 32 116 104 101 32 98 111 117 103 104 115 10 0 
01010100 01101111 00100000 01110010 01100101 01100111 01100001 01110010 01100100 00100000 01110100 01101000 01100101 00100000 01100110 01110010 01101111 01110011 01110100 00100000 01100001 01101110 01100100 00100000 01110100 01101000 01100101 00100000 01100010 01101111 01110101 01100111 01101000 01110011 00001010 00000000 
> ASCII codes:
79 102 32 116 104 101 32 112 105 110 101 45 116 114 101 101 115 32 99 114 117 115 116 101 100 32 119 105 116 104 32 115 110 111 119 59 10 0 
01001111 01100110 00100000 01110100 01101000 01100101 00100000 01110000 01101001 01101110 01100101 00101101 01110100 01110010 01100101 01100101 01110011 00100000 01100011 01110010 01110101 01110011 01110100 01100101 01100100 00100000 01110111 01101001 01110100 01101000 00100000 01110011 01101110 01101111 01110111 00111011 00001010 00000000 
> ASCII codes:
45 45 10 0 
00101101 00101101 00001010 00000000 
> ASCII codes:
65 110 100 32 104 97 118 101 32 98 101 101 110 32 99 111 108 100 32 97 32 108 111 110 103 32 116 105 109 101 10 0 
01000001 01101110 01100100 00100000 01101000 01100001 01110110 01100101 00100000 01100010 01100101 01100101 01101110 00100000 01100011 01101111 01101100 01100100 00100000 01100001 00100000 01101100 01101111 01101110 01100111 00100000 01110100 01101001 01101101 01100101 00001010 00000000 
> ASCII codes:
84 111 32 98 101 104 111 108 100 32 116 104 101 32 106 117 110 105 112 101 114 115 32 115 104 97 103 103 101 100 32 119 105 116 104 32 105 99 101 44 10 0 
01010100 01101111 00100000 01100010 01100101 01101000 01101111 01101100 01100100 00100000 01110100 01101000 01100101 00100000 01101010 01110101 01101110 01101001 01110000 01100101 01110010 01110011 00100000 01110011 01101000 01100001 01100111 01100111 01100101 01100100 00100000 01110111 01101001 01110100 01101000 00100000 01101001 01100011 01100101 00101100 00001010 00000000 
> ASCII codes:
84 104 101 32 115 112 114 117 99 101 115 32 114 111 117 103 104 32 105 110 32 116 104 101 32 100 105 115 116 97 110 116 32 103 108 105 116 116 101 114 10 0 
01010100 01101000 01100101 00100000 01110011 01110000 01110010 01110101 01100011 01100101 01110011 00100000 01110010 01101111 01110101 01100111 01101000 00100000 01101001 01101110 00100000 01110100 01101000 01100101 00100000 01100100 01101001 01110011 01110100 01100001 01101110 01110100 00100000 01100111 01101100 01101001 01110100 01110100 01100101 01110010 00001010 00000000 
> ASCII codes:
45 45 10 0 
00101101 00101101 00001010 00000000 
> ASCII codes:
79 102 32 116 104 101 32 74 97 110 117 97 114 121 32 115 117 110 59 32 97 110 100 32 110 111 116 32 116 111 32 116 104 105 110 107 10 0 
01001111 01100110 00100000 01110100 01101000 01100101 00100000 01001010 01100001 01101110 01110101 01100001 01110010 01111001 00100000 01110011 01110101 01101110 00111011 00100000 01100001 01101110 01100100 00100000 01101110 01101111 01110100 00100000 01110100 01101111 00100000 01110100 01101000 01101001 01101110 01101011 00001010 00000000 
> ASCII codes:
79 102 32 97 110 121 32 109 105 115 101 114 121 32 105 110 32 116 104 101 32 115 111 117 110 100 32 111 102 32 116 104 101 32 119 105 110 100 44 10 0 
01001111 01100110 00100000 01100001 01101110 01111001 00100000 01101101 01101001 01110011 01100101 01110010 01111001 00100000 01101001 01101110 00100000 01110100 01101000 01100101 00100000 01110011 01101111 01110101 01101110 01100100 00100000 01101111 01100110 00100000 01110100 01101000 01100101 00100000 01110111 01101001 01101110 01100100 00101100 00001010 00000000 
> ASCII codes:
73 110 32 116 104 101 32 115 111 117 110 100 32 111 102 32 97 32 102 101 119 32 108 101 97 118 101 115 44 10 0 
01001001 01101110 00100000 01110100 01101000 01100101 00100000 01110011 01101111 01110101 01101110 01100100 00100000 01101111 01100110 00100000 01100001 00100000 01100110 01100101 01110111 00100000 01101100 01100101 01100001 01110110 01100101 01110011 00101100 00001010 00000000 
> ASCII codes:
45 45 10 0 
00101101 00101101 00001010 00000000 
> ASCII codes:
87 104 105 99 104 32 105 115 32 116 104 101 32 115 111 117 110 100 32 111 102 32 116 104 101 32 108 97 110 100 10 0 
01010111 01101000 01101001 01100011 01101000 00100000 01101001 01110011 00100000 01110100 01101000 01100101 00100000 01110011 01101111 01110101 01101110 01100100 00100000 01101111 01100110 00100000 01110100 01101000 01100101 00100000 01101100 01100001 01101110 01100100 00001010 00000000 
> ASCII codes:
70 117 108 108 32 111 102 32 116 104 101 32 115 97 109 101 32 119 105 110 100 10 0 
01000110 01110101 01101100 01101100 00100000 01101111 01100110 00100000 01110100 01101000 01100101 00100000 01110011 01100001 01101101 01100101 00100000 01110111 01101001 01101110 01100100 00001010 00000000 
> ASCII codes:
84 104 97 116 32 105 115 32 98 108 111 119 105 110 103 32 105 110 32 116 104 101 32 115 97 109 101 32 98 97 114 101 32 112 108 97 99 101 10 0 
01010100 01101000 01100001 01110100 00100000 01101001 01110011 00100000 01100010 01101100 01101111 01110111 01101001 01101110 01100111 00100000 01101001 01101110 00100000 01110100 01101000 01100101 00100000 01110011 01100001 01101101 01100101 00100000 01100010 01100001 01110010 01100101 00100000 01110000 01101100 01100001 01100011 01100101 00001010 00000000 
> ASCII codes:
45 45 10 0 
00101101 00101101 00001010 00000000 
> ASCII codes:
70 111 114 32 116 104 101 32 108 105 115 116 101 110 101 114 44 32 119 104 111 32 108 105 115 116 101 110 115 32 105 110 32 116 104 101 32 115 110 111 119 44 10 0 
01000110 01101111 01110010 00100000 01110100 01101000 01100101 00100000 01101100 01101001 01110011 01110100 01100101 01101110 01100101 01110010 00101100 00100000 01110111 01101000 01101111 00100000 01101100 01101001 01110011 01110100 01100101 01101110 01110011 00100000 01101001 01101110 00100000 01110100 01101000 01100101 00100000 01110011 01101110 01101111 01110111 00101100 00001010 00000000 
> ASCII codes:
65 110 100 44 32 110 111 116 104 105 110 103 32 104 105 109 115 101 108 102 44 32 98 101 104 111 108 100 115 10 0 
01000001 01101110 01100100 00101100 00100000 01101110 01101111 01110100 01101000 01101001 01101110 01100111 00100000 01101000 01101001 01101101 01110011 01100101 01101100 01100110 00101100 00100000 01100010 01100101 01101000 01101111 01101100 01100100 01110011 00001010 00000000 
> ASCII codes:
78 111 116 104 105 110 103 32 116 104 97 116 32 105 115 32 110 111 116 32 116 104 101 114 101 32 97 110 100 32 116 104 101 32 110 111 116 104 105 110 103 32 116 104 97 116 32 105 115 46 10 0 
01001110 01101111 01110100 01101000 01101001 01101110 01100111 00100000 01110100 01101000 01100001 01110100 00100000 01101001 01110011 00100000 01101110 01101111 01110100 00100000 01110100 01101000 01100101 01110010 01100101 00100000 01100001 01101110 01100100 00100000 01110100 01101000 01100101 00100000 01101110 01101111 01110100 01101000 01101001 01101110 01100111 00100000 01110100 01101000 01100001 01110100 00100000 01101001 01110011 00101110 00001010 00000000 
> 